
 0.000000  0.015000  0.030000  0.045000  0.060000  0.075000  0.090000  0.105000  0.120000  0.135000  0.150000  0.165000  0.180000  0.195000  
 0.000100  0.015100  0.030100  0.045100  0.060100  0.075100  0.090100  0.105100  0.120100  0.135100  0.150100  0.165100  0.180100  0.195100  
 0.000200  0.015200  0.030200  0.045200  0.060200  0.075200  0.090200  0.105200  0.120200  0.135200  0.150200  0.165200  0.180200  0.195200  
 0.000300  0.015300  0.030300  0.045300  0.060300  0.075300  0.090300  0.105300  0.120300  0.135300  0.150300  0.165300  0.180300  0.195300  
 0.000400  0.015400  0.030400  0.045400  0.060400  0.075400  0.090400  0.105400  0.120400  0.135400  0.150400  0.165400  0.180400  0.195400  
 0.000500  0.015500  0.030500  0.045500  0.060500  0.075500  0.090500  0.105500  0.120500  0.135500  0.150500  0.165500  0.180500  0.195500  
 0.000600  0.015600  0.030600  0.045600  0.060600  0.075600  1.090600  1.105600  1.120600  0.135600  0.150600  0.165600  0.180600  0.195600  
 0.000700  0.015700  0.030700  0.045700  0.060700  0.075700  1.090700  1.105700  1.120700  0.135700  0.150700  0.165700  0.180700  0.195700  
 0.000800  0.015800  0.030800  0.045800  0.060800  0.075800  1.090800  1.105800  1.120800  0.135800  0.150800  0.165800  0.180800  0.195800  
 0.000900  0.015900  0.030900  0.045900  0.060900  0.075900  0.090900  0.105900  0.120900  0.135900  0.150900  0.165900  0.180900  0.195900  
 0.001000  0.016000  0.031000  0.046000  0.061000  0.076000  0.091000  0.106000  0.121000  0.136000  0.151000  0.166000  0.181000  0.196000  
 0.001100  0.016100  0.031100  0.046100  0.061100  0.076100  0.091100  0.106100  0.121100  0.136100  0.151100  0.166100  0.181100  0.196100  
 0.001200  0.016200  0.031200  0.046200  0.061200  0.076200  0.091200  0.106200  0.121200  0.136200  0.151200  0.166200  0.181200  0.196200  
 0.001300  0.016300  0.031300  0.046300  0.061300  0.076300  0.091300  0.106300  0.121300  0.136300  0.151300  0.166300  0.181300  0.196300  
 0.000000  0.015000  0.030000  0.045000  0.060000  0.075000  0.090000  0.105000  0.120000  0.135000  0.150000  0.165000  0.180000  0.195000  
 0.000100  0.015100  0.030100  0.045100  0.060100  0.075100  0.090100  0.105100  0.120100  0.135100  0.150100  0.165100  0.180100  0.195100  
 0.000200  0.015200  0.030200  0.045200  0.060200  0.075200  0.090200  0.105200  0.120200  0.135200  0.150200  0.165200  0.180200  0.195200  
 0.000300  0.015300  0.030300  0.045300  0.060300  0.075300  0.090300  0.105300  0.120300  0.135300  0.150300  0.165300  0.180300  0.195300  
 0.000400  0.015400  0.030400  0.045400  0.060400  0.075400  0.090400  0.105400  0.120400  0.135400  0.150400  0.165400  0.180400  0.195400  
 0.000500  0.015500  0.030500  0.045500  0.060500  0.075500  0.090500  0.105500  0.120500  0.135500  0.150500  0.165500  0.180500  0.195500  
 0.000600  0.015600  0.030600  0.045600  0.060600  0.075600  1.090600  1.105600  1.120600  0.135600  0.150600  0.165600  0.180600  0.195600  
 0.000700  0.015700  0.030700  0.045700  0.060700  0.075700  1.090700  -10.000000  6.120700  0.135700  0.150700  0.165700  0.180700  0.195700  
 0.000800  0.015800  0.030800  0.045800  0.060800  0.075800  1.090800  6.105800  -10.000000  5.135800  0.150800  0.165800  0.180800  0.195800  
 0.000900  0.015900  0.030900  0.045900  0.060900  0.075900  0.090900  0.105900  5.120900  5.135900  0.150900  0.165900  0.180900  0.195900  
 0.001000  0.016000  0.031000  0.046000  0.061000  0.076000  0.091000  0.106000  0.121000  0.136000  0.151000  0.166000  0.181000  0.196000  
 0.001100  0.016100  0.031100  0.046100  0.061100  0.076100  0.091100  0.106100  0.121100  0.136100  0.151100  0.166100  0.181100  0.196100  
 0.001200  0.016200  0.031200  0.046200  0.061200  0.076200  0.091200  0.106200  0.121200  0.136200  0.151200  0.166200  0.181200  0.196200  
 0.001300  0.016300  0.031300  0.046300  0.061300  0.076300  0.091300  0.106300  0.121300  0.136300  0.151300  0.166300  0.181300  0.196300  
 0.000000  0.015000  0.030000  0.045000  0.060000  0.075000  0.090000  0.105000  0.120000  0.135000  0.150000  0.165000  0.180000  0.195000  
 0.000100  0.015100  0.030100  0.045100  0.060100  0.075100  0.090100  0.105100  0.120100  0.135100  0.150100  0.165100  0.180100  0.195100  
 0.000200  0.015200  0.030200  0.045200  0.060200  0.075200  0.090200  0.105200  0.120200  0.135200  0.150200  0.165200  0.180200  0.195200  
 0.000300  0.015300  0.030300  0.045300  0.060300  0.075300  0.090300  0.105300  0.120300  0.135300  0.150300  0.165300  0.180300  0.195300  
 0.000400  0.015400  0.030400  0.045400  0.060400  0.075400  0.090400  0.105400  0.120400  0.135400  0.150400  0.165400  0.180400  0.195400  
 0.000500  0.015500  0.030500  0.045500  0.060500  0.075500  0.090500  0.105500  0.120500  0.135500  0.150500  0.165500  0.180500  0.195500  
 0.000600  0.015600  0.030600  0.045600  0.060600  0.075600  -10.000000  6.105600  16.120600  0.135600  0.150600  0.165600  0.180600  0.195600  
 0.000700  0.015700  0.030700  0.045700  0.060700  0.075700  1.090700  -10.000000  -10.000000  5.135700  0.150700  0.165700  0.180700  0.195700  
 0.000800  0.015800  0.030800  0.045800  0.060800  0.075800  1.090800  6.105800  -10.000000  10.135800  0.150800  0.165800  0.180800  0.195800  
 0.000900  0.015900  0.030900  0.045900  0.060900  0.075900  0.090900  0.105900  15.120900  5.135900  0.150900  0.165900  0.180900  0.195900  
 0.001000  0.016000  0.031000  0.046000  0.061000  0.076000  0.091000  0.106000  0.121000  0.136000  0.151000  0.166000  0.181000  0.196000  
 0.001100  0.016100  0.031100  0.046100  0.061100  0.076100  0.091100  0.106100  0.121100  0.136100  0.151100  0.166100  0.181100  0.196100  
 0.001200  0.016200  0.031200  0.046200  0.061200  0.076200  0.091200  0.106200  0.121200  0.136200  0.151200  0.166200  0.181200  0.196200  
 0.001300  0.016300  0.031300  0.046300  0.061300  0.076300  0.091300  0.106300  0.121300  0.136300  0.151300  0.166300  0.181300  0.196300  
 15.000000  15.015000  15.030000  15.045000  15.060000  15.075000  15.090000  15.105000  15.120000  15.135000  15.150000  15.165000  15.180000  15.195000  
 15.000100  15.015100  15.030100  15.045100  15.060100  15.075100  15.090100  15.105100  15.120100  15.135100  15.150100  15.165100  15.180100  15.195100  
 15.000200  15.015200  15.030200  15.045200  15.060200  15.075200  15.090200  15.105200  15.120200  15.135200  15.150200  15.165200  15.180200  15.195200  
 15.000300  15.015300  15.030300  15.045300  15.060300  15.075300  15.090300  15.105300  15.120300  15.135300  15.150300  15.165300  15.180300  15.195300  
 15.000400  15.015400  15.030400  15.045400  15.060400  15.075400  15.090400  15.105400  15.120400  15.135400  15.150400  15.165400  15.180400  15.195400  
 15.000500  15.015500  15.030500  15.045500  15.060500  15.075500  15.090500  20.105500  -10.000000  15.135500  15.150500  15.165500  15.180500  15.195500  
 15.000600  15.015600  15.030600  15.045600  15.060600  15.075600  -10.000000  26.105600  -10.000000  20.135600  15.150600  15.165600  15.180600  15.195600  
 15.000700  15.015700  15.030700  15.045700  15.060700  15.075700  16.090700  -10.000000  -10.000000  25.135700  15.150700  15.165700  15.180700  15.195700  
 15.000800  15.015800  15.030800  15.045800  15.060800  15.075800  16.090800  21.105800  -10.000000  25.135800  15.150800  15.165800  15.180800  15.195800  
 15.000900  15.015900  15.030900  15.045900  15.060900  15.075900  15.090900  15.105900  995.120900  20.135900  15.150900  15.165900  15.180900  15.195900  
 15.001000  15.016000  15.031000  15.046000  15.061000  15.076000  15.091000  15.106000  15.121000  15.136000  15.151000  15.166000  15.181000  15.196000  
 15.001100  15.016100  15.031100  15.046100  15.061100  15.076100  15.091100  15.106100  15.121100  15.136100  15.151100  15.166100  15.181100  15.196100  
 15.001200  15.016200  15.031200  15.046200  15.061200  15.076200  15.091200  15.106200  15.121200  15.136200  15.151200  15.166200  15.181200  15.196200  
 15.001300  15.016300  15.031300  15.046300  15.061300  15.076300  15.091300  15.106300  15.121300  15.136300  15.151300  15.166300  15.181300  15.196300  
 995.000000  995.015000  995.030000  995.045000  995.060000  995.075000  995.090000  995.105000  995.120000  995.135000  995.150000  995.165000  995.180000  995.195000  
 995.000100  995.015100  995.030100  995.045100  995.060100  995.075100  995.090100  995.105100  995.120100  995.135100  995.150100  995.165100  995.180100  995.195100  
 995.000200  995.015200  995.030200  995.045200  995.060200  995.075200  995.090200  995.105200  995.120200  995.135200  995.150200  995.165200  995.180200  995.195200  
 995.000300  995.015300  995.030300  995.045300  995.060300  995.075300  995.090300  995.105300  995.120300  995.135300  995.150300  995.165300  995.180300  995.195300  
 995.000400  995.015400  995.030400  995.045400  995.060400  995.075400  995.090400  995.105400  995.120400  995.135400  995.150400  995.165400  995.180400  995.195400  
 995.000500  995.015500  995.030500  995.045500  995.060500  995.075500  995.090500  1000.105500  -10.000000  995.135500  995.150500  995.165500  995.180500  995.195500  
 995.000600  995.015600  995.030600  995.045600  995.060600  995.075600  -10.000000  1006.105600  -10.000000  1000.135600  995.150600  995.165600  995.180600  995.195600  
 995.000700  995.015700  995.030700  995.045700  995.060700  995.075700  996.090700  -10.000000  -10.000000  1005.135700  995.150700  995.165700  995.180700  995.195700  
 995.000800  995.015800  995.030800  995.045800  995.060800  995.075800  996.090800  1006.105800  -10.000000  1005.135800  995.150800  995.165800  995.180800  995.195800  
 995.000900  995.015900  995.030900  995.045900  995.060900  995.075900  995.090900  1000.105900  -10.000000  1005.135900  995.150900  995.165900  995.180900  995.195900  
 995.001000  995.016000  995.031000  995.046000  995.061000  995.076000  995.091000  995.106000  -10.000000  1000.136000  995.151000  995.166000  995.181000  995.196000  
 995.001100  995.016100  995.031100  995.046100  995.061100  995.076100  995.091100  995.106100  995.121100  995.136100  995.151100  995.166100  995.181100  995.196100  
 995.001200  995.016200  995.031200  995.046200  995.061200  995.076200  995.091200  995.106200  995.121200  995.136200  995.151200  995.166200  995.181200  995.196200  
 995.001300  995.016300  995.031300  995.046300  995.061300  995.076300  995.091300  995.106300  995.121300  995.136300  995.151300  995.166300  995.181300  995.196300  
 1005.000000  1005.015000  1005.030000  1005.045000  1005.060000  1005.075000  1005.090000  1005.105000  1005.120000  1005.135000  1005.150000  1005.165000  1005.180000  1005.195000  
 1005.000100  1005.015100  1005.030100  1005.045100  1005.060100  1005.075100  1005.090100  1005.105100  1005.120100  1005.135100  1005.150100  1005.165100  1005.180100  1005.195100  
 1005.000200  1005.015200  1005.030200  1005.045200  1005.060200  1005.075200  1005.090200  1005.105200  1005.120200  1005.135200  1005.150200  1005.165200  1005.180200  1005.195200  
 1005.000300  1005.015300  1005.030300  1005.045300  1005.060300  1005.075300  1005.090300  1005.105300  1005.120300  1005.135300  1005.150300  1005.165300  1005.180300  1005.195300  
 1005.000400  1005.015400  1005.030400  1005.045400  1005.060400  1005.075400  1005.090400  1005.105400  1005.120400  1005.135400  1005.150400  1005.165400  1005.180400  1005.195400  
 1005.000500  1005.015500  1005.030500  1005.045500  1005.060500  1005.075500  1005.090500  1010.105500  -10.000000  1005.135500  1005.150500  1005.165500  1005.180500  1005.195500  
 1005.000600  1005.015600  1005.030600  1005.045600  1005.060600  1005.075600  -10.000000  1016.105600  -10.000000  1015.135600  1005.150600  1005.165600  1005.180600  1005.195600  
 1005.000700  1005.015700  1005.030700  1005.045700  1005.060700  1005.075700  1021.090700  -10.000000  -10.000000  1015.135700  1005.150700  1005.165700  1005.180700  1005.195700  
 1005.000800  1005.015800  1005.030800  1005.045800  1005.060800  1005.075800  -10.000000  -10.000000  -10.000000  1025.135800  1005.150800  1005.165800  1005.180800  1005.195800  
 1005.000900  1005.015900  1005.030900  1005.045900  1005.060900  1005.075900  1010.090900  1015.105900  -10.000000  1015.135900  1005.150900  1005.165900  1005.180900  1005.195900  
 1005.001000  1005.016000  1005.031000  1005.046000  1005.061000  1005.076000  1005.091000  1005.106000  -10.000000  1020.136000  1005.151000  1005.166000  1005.181000  1005.196000  
 1005.001100  1005.016100  1005.031100  1005.046100  1005.061100  1005.076100  1005.091100  1005.106100  1005.121100  1005.136100  1005.151100  1005.166100  1005.181100  1005.196100  
 1005.001200  1005.016200  1005.031200  1005.046200  1005.061200  1005.076200  1005.091200  1005.106200  1005.121200  1005.136200  1005.151200  1005.166200  1005.181200  1005.196200  
 1005.001300  1005.016300  1005.031300  1005.046300  1005.061300  1005.076300  1005.091300  1005.106300  1005.121300  1005.136300  1005.151300  1005.166300  1005.181300  1005.196300  
 1025.000000  1025.015000  1025.030000  1025.045000  1025.060000  1025.075000  1025.090000  1025.105000  1025.120000  1025.135000  1025.150000  1025.165000  1025.180000  1025.195000  
 1025.000100  1025.015100  1025.030100  1025.045100  1025.060100  1025.075100  1025.090100  1025.105100  1025.120100  1025.135100  1025.150100  1025.165100  1025.180100  1025.195100  
 1025.000200  1025.015200  1025.030200  1025.045200  1025.060200  1025.075200  1025.090200  1025.105200  1025.120200  1025.135200  1025.150200  1025.165200  1025.180200  1025.195200  
 1025.000300  1025.015300  1025.030300  1025.045300  1025.060300  1025.075300  1025.090300  1025.105300  1025.120300  1025.135300  1025.150300  1025.165300  1025.180300  1025.195300  
 1025.000400  1025.015400  1025.030400  1025.045400  1025.060400  1025.075400  1025.090400  1025.105400  1025.120400  1025.135400  1025.150400  1025.165400  1025.180400  1025.195400  
 1025.000500  1025.015500  1025.030500  1025.045500  1025.060500  1025.075500  1025.090500  1030.105500  -10.000000  1025.135500  1025.150500  1025.165500  1025.180500  1025.195500  
 1025.000600  1025.015600  1025.030600  1025.045600  1025.060600  1025.075600  -10.000000  1046.105600  -10.000000  1035.135600  1025.150600  1025.165600  1025.180600  1025.195600  
 1025.000700  1025.015700  1025.030700  1025.045700  1025.060700  1025.075700  1041.090700  -10.000000  -10.000000  1040.135700  1030.150700  1025.165700  1025.180700  1025.195700  
 1025.000800  1025.015800  1025.030800  1025.045800  1025.060800  1025.075800  -10.000000  -10.000000  -10.000000  -10.000000  -10.000000  1025.165800  1025.180800  1025.195800  
 1025.000900  1025.015900  1025.030900  1025.045900  1025.060900  1025.075900  1030.090900  1035.105900  -10.000000  1040.135900  1040.150900  1025.165900  1025.180900  1025.195900  
 1025.001000  1025.016000  1025.031000  1025.046000  1025.061000  1025.076000  1025.091000  1030.106000  -10.000000  1040.136000  1025.151000  1025.166000  1025.181000  1025.196000  
 1025.001100  1025.016100  1025.031100  1025.046100  1025.061100  1025.076100  1025.091100  1025.106100  1025.121100  1025.136100  1025.151100  1025.166100  1025.181100  1025.196100  
 1025.001200  1025.016200  1025.031200  1025.046200  1025.061200  1025.076200  1025.091200  1025.106200  1025.121200  1025.136200  1025.151200  1025.166200  1025.181200  1025.196200  
 1025.001300  1025.016300  1025.031300  1025.046300  1025.061300  1025.076300  1025.091300  1025.106300  1025.121300  1025.136300  1025.151300  1025.166300  1025.181300  1025.196300  
 1040.000000  1040.015000  1040.030000  1040.045000  1040.060000  1040.075000  1040.090000  1040.105000  1040.120000  1040.135000  1040.150000  1040.165000  1040.180000  1040.195000  
 1040.000100  1040.015100  1040.030100  1040.045100  1040.060100  1040.075100  1040.090100  1040.105100  1040.120100  1040.135100  1040.150100  1040.165100  1040.180100  1040.195100  
 1040.000200  1040.015200  1040.030200  1040.045200  1040.060200  1040.075200  1040.090200  1040.105200  1040.120200  1040.135200  1040.150200  1040.165200  1040.180200  1040.195200  
 1040.000300  1040.015300  1040.030300  1040.045300  1040.060300  1040.075300  1040.090300  1040.105300  1040.120300  1040.135300  1040.150300  1040.165300  1040.180300  1040.195300  
 1040.000400  1040.015400  1040.030400  1040.045400  1040.060400  1040.075400  1040.090400  1040.105400  1040.120400  1040.135400  1040.150400  1040.165400  1040.180400  1040.195400  
 1040.000500  1040.015500  1040.030500  1040.045500  1040.060500  1040.075500  2020.090500  1050.105500  -10.000000  1040.135500  1040.150500  1040.165500  1040.180500  1040.195500  
 1040.000600  1040.015600  1040.030600  1040.045600  1040.060600  1040.075600  -10.000000  -10.000000  -10.000000  1060.135600  1040.150600  1040.165600  1040.180600  1040.195600  
 1040.000700  1040.015700  1040.030700  1040.045700  1040.060700  1040.075700  1056.090700  -10.000000  -10.000000  1055.135700  1045.150700  1040.165700  1040.180700  1040.195700  
 1040.000800  1040.015800  1040.030800  1040.045800  1040.060800  1040.075800  -10.000000  -10.000000  -10.000000  -10.000000  -10.000000  1040.165800  1040.180800  1040.195800  
 1040.000900  1040.015900  1040.030900  1040.045900  1040.060900  1040.075900  1045.090900  1050.105900  -10.000000  1055.135900  -10.000000  1040.165900  1040.180900  1040.195900  
 1040.001000  1040.016000  1040.031000  1040.046000  1040.061000  1040.076000  1040.091000  1045.106000  -10.000000  1055.136000  1040.151000  1040.166000  1040.181000  1040.196000  
 1040.001100  1040.016100  1040.031100  1040.046100  1040.061100  1040.076100  1040.091100  1040.106100  1040.121100  1040.136100  1040.151100  1040.166100  1040.181100  1040.196100  
 1040.001200  1040.016200  1040.031200  1040.046200  1040.061200  1040.076200  1040.091200  1040.106200  1040.121200  1040.136200  1040.151200  1040.166200  1040.181200  1040.196200  
 1040.001300  1040.016300  1040.031300  1040.046300  1040.061300  1040.076300  1040.091300  1040.106300  1040.121300  1040.136300  1040.151300  1040.166300  1040.181300  1040.196300  
 2020.000000  2020.015000  2020.030000  2020.045000  2020.060000  2020.075000  2020.090000  2020.105000  2020.120000  2020.135000  2020.150000  2020.165000  2020.180000  2020.195000  
 2020.000100  2020.015100  2020.030100  2020.045100  2020.060100  2020.075100  2020.090100  2020.105100  2020.120100  2020.135100  2020.150100  2020.165100  2020.180100  2020.195100  
 2020.000200  2020.015200  2020.030200  2020.045200  2020.060200  2020.075200  2020.090200  2020.105200  2020.120200  2020.135200  2020.150200  2020.165200  2020.180200  2020.195200  
 2020.000300  2020.015300  2020.030300  2020.045300  2020.060300  2020.075300  2020.090300  2020.105300  2020.120300  2020.135300  2020.150300  2020.165300  2020.180300  2020.195300  
 2020.000400  2020.015400  2020.030400  2020.045400  2020.060400  -10.000000  2025.090400  2020.105400  2020.120400  2020.135400  2020.150400  2020.165400  2020.180400  2020.195400  
 2020.000500  2020.015500  2020.030500  2020.045500  2020.060500  2025.075500  -10.000000  2035.105500  -10.000000  2020.135500  2020.150500  2020.165500  2020.180500  2020.195500  
 2020.000600  2020.015600  2020.030600  2020.045600  2020.060600  2020.075600  -10.000000  -10.000000  -10.000000  2040.135600  2020.150600  2020.165600  2020.180600  2020.195600  
 2020.000700  2020.015700  2020.030700  2020.045700  2020.060700  2020.075700  2036.090700  -10.000000  -10.000000  2035.135700  2025.150700  2020.165700  2020.180700  2020.195700  
 2020.000800  2020.015800  2020.030800  2020.045800  2020.060800  2020.075800  -10.000000  -10.000000  -10.000000  -10.000000  -10.000000  2020.165800  2020.180800  2020.195800  
 2020.000900  2020.015900  2020.030900  2020.045900  2020.060900  2020.075900  2025.090900  2030.105900  -10.000000  2035.135900  -10.000000  2020.165900  2020.180900  2020.195900  
 2020.001000  2020.016000  2020.031000  2020.046000  2020.061000  2020.076000  2020.091000  2025.106000  -10.000000  2035.136000  2020.151000  2020.166000  2020.181000  2020.196000  
 2020.001100  2020.016100  2020.031100  2020.046100  2020.061100  2020.076100  2020.091100  2020.106100  2020.121100  2020.136100  2020.151100  2020.166100  2020.181100  2020.196100  
 2020.001200  2020.016200  2020.031200  2020.046200  2020.061200  2020.076200  2020.091200  2020.106200  2020.121200  2020.136200  2020.151200  2020.166200  2020.181200  2020.196200  
 2020.001300  2020.016300  2020.031300  2020.046300  2020.061300  2020.076300  2020.091300  2020.106300  2020.121300  2020.136300  2020.151300  2020.166300  2020.181300  2020.196300  
 2040.000000  2040.015000  2040.030000  2040.045000  2040.060000  2040.075000  2040.090000  2040.105000  2040.120000  2040.135000  2040.150000  2040.165000  2040.180000  2040.195000  
 2040.000100  2040.015100  2040.030100  2040.045100  2040.060100  2040.075100  2040.090100  2040.105100  2040.120100  2040.135100  2040.150100  2040.165100  2040.180100  2040.195100  
 2040.000200  2040.015200  2040.030200  2040.045200  2040.060200  2040.075200  2040.090200  2040.105200  2040.120200  2040.135200  2040.150200  2040.165200  2040.180200  2040.195200  
 2040.000300  2040.015300  2040.030300  2040.045300  2040.060300  2040.075300  2040.090300  2040.105300  2040.120300  2040.135300  2040.150300  2040.165300  2040.180300  2040.195300  
 2040.000400  2040.015400  2040.030400  2040.045400  2040.060400  -10.000000  2045.090400  2040.105400  2040.120400  2040.135400  2040.150400  2040.165400  2040.180400  2040.195400  
 2040.000500  2040.015500  2040.030500  2040.045500  2040.060500  2045.075500  -10.000000  2055.105500  -10.000000  2045.135500  -10.000000  2040.165500  2040.180500  2040.195500  
 2040.000600  2040.015600  2040.030600  2040.045600  2040.060600  2040.075600  -10.000000  -10.000000  -10.000000  -10.000000  3020.150600  2040.165600  2040.180600  2040.195600  
 2040.000700  2040.015700  2040.030700  2040.045700  2040.060700  2040.075700  2056.090700  -10.000000  -10.000000  2070.135700  2050.150700  2040.165700  2040.180700  2040.195700  
 2040.000800  2040.015800  2040.030800  2040.045800  2040.060800  2040.075800  -10.000000  -10.000000  -10.000000  -10.000000  -10.000000  2040.165800  2040.180800  2040.195800  
 2040.000900  2040.015900  2040.030900  2040.045900  2040.060900  2040.075900  3060.090900  2050.105900  -10.000000  2055.135900  -10.000000  2040.165900  2040.180900  2040.195900  
 2040.001000  2040.016000  2040.031000  2040.046000  2040.061000  2040.076000  2040.091000  2045.106000  -10.000000  2055.136000  2040.151000  2040.166000  2040.181000  2040.196000  
 2040.001100  2040.016100  2040.031100  2040.046100  2040.061100  2040.076100  2040.091100  2040.106100  2040.121100  2040.136100  2040.151100  2040.166100  2040.181100  2040.196100  
 2040.001200  2040.016200  2040.031200  2040.046200  2040.061200  2040.076200  2040.091200  2040.106200  2040.121200  2040.136200  2040.151200  2040.166200  2040.181200  2040.196200  
 2040.001300  2040.016300  2040.031300  2040.046300  2040.061300  2040.076300  2040.091300  2040.106300  2040.121300  2040.136300  2040.151300  2040.166300  2040.181300  2040.196300  
 3060.000000  3060.015000  3060.030000  3060.045000  3060.060000  3060.075000  3060.090000  3060.105000  3060.120000  3060.135000  3060.150000  3060.165000  3060.180000  3060.195000  
 3060.000100  3060.015100  3060.030100  3060.045100  3060.060100  3060.075100  3060.090100  3060.105100  3060.120100  3060.135100  3060.150100  3060.165100  3060.180100  3060.195100  
 3060.000200  3060.015200  3060.030200  3060.045200  3060.060200  3060.075200  3060.090200  3060.105200  3060.120200  3060.135200  3060.150200  3060.165200  3060.180200  3060.195200  
 3060.000300  3060.015300  3060.030300  3060.045300  3060.060300  3060.075300  3060.090300  3060.105300  3060.120300  3060.135300  3060.150300  3060.165300  3060.180300  3060.195300  
 3060.000400  3060.015400  3060.030400  3060.045400  3060.060400  -10.000000  3065.090400  3060.105400  3060.120400  3060.135400  3060.150400  3060.165400  3060.180400  3060.195400  
 3060.000500  3060.015500  3060.030500  3060.045500  3060.060500  3065.075500  -10.000000  3075.105500  -10.000000  3065.135500  -10.000000  3060.165500  3060.180500  3060.195500  
 3060.000600  3060.015600  3060.030600  3060.045600  3060.060600  3060.075600  -10.000000  -10.000000  -10.000000  -10.000000  4040.150600  3060.165600  3060.180600  3060.195600  
 3060.000700  3060.015700  3060.030700  3060.045700  3060.060700  3060.075700  3076.090700  -10.000000  -10.000000  3090.135700  3070.150700  3060.165700  3060.180700  3060.195700  
 3060.000800  3060.015800  3060.030800  3060.045800  3060.060800  3065.075800  -10.000000  -10.000000  -10.000000  -10.000000  -10.000000  3060.165800  3060.180800  3060.195800  
 3060.000900  3060.015900  3060.030900  3060.045900  3060.060900  3065.075900  -10.000000  3085.105900  -10.000000  3075.135900  -10.000000  3060.165900  3060.180900  3060.195900  
 3060.001000  3060.016000  3060.031000  3060.046000  3060.061000  -10.000000  3065.091000  3070.106000  -10.000000  3075.136000  3060.151000  3060.166000  3060.181000  3060.196000  
 3060.001100  3060.016100  3060.031100  3060.046100  3060.061100  3060.076100  3060.091100  3060.106100  3060.121100  3060.136100  3060.151100  3060.166100  3060.181100  3060.196100  
 3060.001200  3060.016200  3060.031200  3060.046200  3060.061200  3060.076200  3060.091200  3060.106200  3060.121200  3060.136200  3060.151200  3060.166200  3060.181200  3060.196200  
 3060.001300  3060.016300  3060.031300  3060.046300  3060.061300  3060.076300  3060.091300  3060.106300  3060.121300  3060.136300  3060.151300  3060.166300  3060.181300  3060.196300  
 4035.000000  4035.015000  4035.030000  4035.045000  4035.060000  4035.075000  4035.090000  4035.105000  4035.120000  4035.135000  4035.150000  4035.165000  4035.180000  4035.195000  
 4035.000100  4035.015100  4035.030100  4035.045100  4035.060100  4035.075100  4035.090100  4035.105100  4035.120100  4035.135100  4035.150100  4035.165100  4035.180100  4035.195100  
 4035.000200  4035.015200  4035.030200  4035.045200  4035.060200  4035.075200  4035.090200  4035.105200  4035.120200  4035.135200  4035.150200  4035.165200  4035.180200  4035.195200  
 4035.000300  4035.015300  4035.030300  4035.045300  4035.060300  4035.075300  4035.090300  4035.105300  4035.120300  4035.135300  4035.150300  4035.165300  4035.180300  4035.195300  
 4035.000400  4035.015400  4035.030400  4035.045400  4035.060400  -10.000000  4040.090400  4035.105400  4035.120400  4035.135400  4035.150400  4035.165400  4035.180400  4035.195400  
 4035.000500  4035.015500  4035.030500  4035.045500  4035.060500  4040.075500  -10.000000  4050.105500  -10.000000  4045.135500  -10.000000  4035.165500  4035.180500  4035.195500  
 4035.000600  4035.015600  4035.030600  4035.045600  4035.060600  4035.075600  -10.000000  -10.000000  -10.000000  -10.000000  -10.000000  -10.000000  4035.180600  4035.195600  
 4035.000700  4035.015700  4035.030700  4035.045700  4035.060700  4035.075700  4051.090700  -10.000000  -10.000000  4070.135700  4050.150700  4040.165700  4035.180700  4035.195700  
 4035.000800  4035.015800  4035.030800  4035.045800  4035.060800  4040.075800  -10.000000  -10.000000  -10.000000  -10.000000  -10.000000  4035.165800  4035.180800  4035.195800  
 4035.000900  4035.015900  4035.030900  4035.045900  4035.060900  4040.075900  -10.000000  4060.105900  -10.000000  4050.135900  -10.000000  4035.165900  4035.180900  4035.195900  
 4035.001000  4035.016000  4035.031000  4035.046000  4035.061000  -10.000000  4040.091000  4045.106000  -10.000000  4050.136000  4035.151000  4035.166000  4035.181000  4035.196000  
 4035.001100  4035.016100  4035.031100  4035.046100  4035.061100  4035.076100  4035.091100  4035.106100  4035.121100  4035.136100  4035.151100  4035.166100  4035.181100  4035.196100  
 4035.001200  4035.016200  4035.031200  4035.046200  4035.061200  4035.076200  4035.091200  4035.106200  4035.121200  4035.136200  4035.151200  4035.166200  4035.181200  4035.196200  
 4035.001300  4035.016300  4035.031300  4035.046300  4035.061300  4035.076300  4035.091300  4035.106300  4035.121300  4035.136300  4035.151300  4035.166300  4035.181300  4035.196300  
 4060.000000  4060.015000  4060.030000  4060.045000  4060.060000  4060.075000  4060.090000  4060.105000  4060.120000  4060.135000  4060.150000  4060.165000  4060.180000  4060.195000  
 4060.000100  4060.015100  4060.030100  4060.045100  4060.060100  4060.075100  4060.090100  4060.105100  4060.120100  4060.135100  4060.150100  4060.165100  4060.180100  4060.195100  
 4060.000200  4060.015200  4060.030200  4060.045200  4060.060200  4060.075200  4060.090200  4060.105200  4060.120200  4060.135200  4060.150200  4060.165200  4060.180200  4060.195200  
 4060.000300  4060.015300  4060.030300  4060.045300  4060.060300  4060.075300  4060.090300  4060.105300  4060.120300  4060.135300  4060.150300  4060.165300  4060.180300  4060.195300  
 4060.000400  4060.015400  4060.030400  4060.045400  4060.060400  -10.000000  4065.090400  4060.105400  4060.120400  4060.135400  4060.150400  4060.165400  4060.180400  4060.195400  
 4060.000500  4060.015500  4060.030500  4060.045500  4060.060500  4065.075500  -10.000000  4085.105500  -10.000000  5045.135500  -10.000000  5080.165500  4060.180500  4060.195500  
 4060.000600  4060.015600  4060.030600  4060.045600  4060.060600  4060.075600  -10.000000  -10.000000  -10.000000  -10.000000  -10.000000  -10.000000  4060.180600  4060.195600  
 4060.000700  4060.015700  4060.030700  4060.045700  4060.060700  4060.075700  4076.090700  -10.000000  -10.000000  -10.000000  4090.150700  4065.165700  4060.180700  4060.195700  
 4060.000800  4060.015800  4060.030800  4060.045800  4060.060800  4065.075800  -10.000000  -10.000000  -10.000000  -10.000000  -10.000000  4060.165800  4060.180800  4060.195800  
 4060.000900  4060.015900  4060.030900  4060.045900  4060.060900  4065.075900  -10.000000  5105.105900  -10.000000  -10.000000  -10.000000  4060.165900  4060.180900  4060.195900  
 4060.001000  4060.016000  4060.031000  4060.046000  4060.061000  -10.000000  4065.091000  4070.106000  -10.000000  4075.136000  4060.151000  4060.166000  4060.181000  4060.196000  
 4060.001100  4060.016100  4060.031100  4060.046100  4060.061100  4060.076100  4060.091100  4060.106100  4060.121100  4060.136100  4060.151100  4060.166100  4060.181100  4060.196100  
 4060.001200  4060.016200  4060.031200  4060.046200  4060.061200  4060.076200  4060.091200  4060.106200  4060.121200  4060.136200  4060.151200  4060.166200  4060.181200  4060.196200  
 4060.001300  4060.016300  4060.031300  4060.046300  4060.061300  4060.076300  4060.091300  4060.106300  4060.121300  4060.136300  4060.151300  4060.166300  4060.181300  4060.196300  
 5100.000000  5100.015000  5100.030000  5100.045000  5100.060000  5100.075000  5100.090000  5100.105000  5100.120000  5100.135000  5100.150000  5100.165000  5100.180000  5100.195000  
 5100.000100  5100.015100  5100.030100  5100.045100  5100.060100  5100.075100  5100.090100  5100.105100  5100.120100  5100.135100  5100.150100  5100.165100  5100.180100  5100.195100  
 5100.000200  5100.015200  5100.030200  5100.045200  5100.060200  5100.075200  5100.090200  5100.105200  5100.120200  5100.135200  5100.150200  5100.165200  5100.180200  5100.195200  
 5100.000300  5100.015300  5100.030300  5100.045300  5100.060300  5100.075300  5100.090300  5100.105300  5100.120300  5100.135300  5100.150300  5100.165300  5100.180300  5100.195300  
 5100.000400  5100.015400  5100.030400  5100.045400  5100.060400  -10.000000  5105.090400  5100.105400  5100.120400  5100.135400  5100.150400  5100.165400  5100.180400  5100.195400  
 5100.000500  5100.015500  5100.030500  5100.045500  5100.060500  5105.075500  -10.000000  5125.105500  -10.000000  6085.135500  -10.000000  14100.165500  5100.180500  5100.195500  
 5100.000600  5100.015600  5100.030600  5100.045600  5100.060600  5100.075600  -10.000000  -10.000000  -10.000000  -10.000000  -10.000000  -10.000000  5100.180600  5100.195600  
 5100.000700  5100.015700  5100.030700  5100.045700  5100.060700  5100.075700  5116.090700  -10.000000  -10.000000  -10.000000  5130.150700  5105.165700  5100.180700  5100.195700  
 5100.000800  5100.015800  5100.030800  5100.045800  5100.060800  5105.075800  -10.000000  -10.000000  -10.000000  -10.000000  -10.000000  5100.165800  5100.180800  5100.195800  
 5100.000900  5100.015900  5100.030900  5100.045900  5100.060900  6080.075900  -10.000000  -10.00